100 350 50 10
1 17 20
1 21 41
1 25 17
1 47 32
1 66 41
2 5 13
2 62 26
3 21 21
3 99 46
4 6 9
4 16 31
4 32 23
4 76 45
4 97 41
5 23 7
5 74 3
5 76 3
6 15 24
6 37 50
6 74 30
7 4 30
7 59 50
7 65 4
7 68 4
8 16 17
8 25 46
9 47 37
10 30 24
10 33 8
10 66 44
10 67 25
10 72 29
10 85 36
11 61 43
11 83 13
11 93 27
12 4 5
12 37 38
12 90 49
13 38 50
13 61 48
13 68 29
13 80 24
14 17 42
14 38 22
15 13 31
15 54 44
15 63 26
15 71 6
15 73 46
15 78 5
15 80 35
16 31 47
16 53 9
16 61 41
17 47 16
17 70 6
18 17 27
19 10 39
19 46 14
19 49 22
19 56 15
19 80 42
20 33 8
20 91 8
21 39 4
21 93 34
22 18 14
22 34 43
22 35 32
22 64 16
22 83 40
22 96 12
23 17 39
23 38 32
23 44 33
24 15 21
24 19 27
24 20 9
24 21 26
24 51 22
24 56 13
25 19 13
25 26 21
25 68 23
25 74 3
25 84 36
25 89 31
26 35 31
26 51 24
27 12 44
28 8 3
28 20 38
28 38 37
28 48 10
29 15 47
29 39 43
29 42 45
29 78 11
30 82 35
31 15 28
31 84 28
32 39 25
32 57 39
32 71 18
33 28 6
33 64 22
33 75 39
33 91 34
33 96 32
34 64 16
34 74 6
35 5 46
35 15 28
35 55 26
35 60 19
35 70 30
35 93 11
36 53 1
36 69 11
36 73 36
36 78 46
37 2 15
37 77 25
37 89 32
38 16 26
38 17 22
38 21 26
38 65 20
39 43 34
40 3 11
40 64 47
40 95 11
41 16 37
41 75 37
42 81 28
43 7 44
43 31 10
43 46 18
43 51 27
43 79 41
43 81 36
44 45 34
44 48 37
45 16 13
45 37 9
45 64 7
46 35 45
46 49 21
46 77 7
47 43 7
47 62 6
48 5 4
48 22 23
48 29 31
48 69 35
48 82 48
48 89 4
49 76 13
50 1 17
50 7 37
50 34 23
51 5 15
51 36 49
51 92 11
52 17 1
52 56 26
52 84 4
53 9 11
53 22 46
53 28 32
53 50 3
53 64 31
53 70 16
53 80 41
53 84 45
54 39 26
55 46 49
55 61 41
56 29 47
56 55 7
56 64 49
56 69 4
57 4 10
57 29 21
57 36 36
57 44 45
57 45 18
57 51 39
57 58 7
57 81 36
59 4 27
59 6 31
59 28 50
59 48 25
60 9 41
60 18 3
60 27 3
60 44 46
60 46 15
60 82 48
60 94 27
61 5 17
61 14 30
61 26 44
61 27 8
61 67 24
61 98 20
62 44 8
62 56 17
62 58 16
63 17 15
63 56 15
63 60 21
63 62 24
63 67 36
63 82 7
63 94 18
63 98 3
64 15 47
64 57 26
65 2 39
65 21 24
65 94 8
65 95 40
66 68 50
67 16 50
67 22 42
67 24 2
67 100 45
68 4 6
68 9 49
68 75 24
69 92 25
70 15 28
70 22 19
70 80 34
71 28 4
71 44 38
71 75 41
71 81 20
71 91 5
71 96 5
72 20 34
72 95 26
72 97 29
73 21 21
73 23 34
73 25 48
73 27 24
73 60 30
73 71 26
74 76 14
74 92 5
75 1 33
75 3 3
75 25 5
75 34 33
75 46 47
75 55 6
75 57 29
75 70 4
75 91 7
76 12 4
76 15 28
76 59 36
76 65 23
76 67 13
76 68 41
77 2 10
77 19 4
77 30 12
77 64 17
78 18 10
78 22 46
78 63 42
78 95 40
79 4 18
79 25 27
79 62 38
79 81 41
80 28 6
80 35 13
80 36 6
80 68 13
80 82 47
81 35 9
81 73 19
82 33 29
82 89 5
83 41 24
84 10 10
84 20 10
84 29 32
84 30 13
84 70 38
84 80 20
85 53 35
86 5 2
86 25 10
86 36 47
86 53 7
87 15 22
87 21 13
87 63 17
87 69 19
88 6 6
88 17 6
88 24 36
88 54 32
89 41 45
89 79 29
89 93 39
89 96 9
89 98 34
90 48 1
90 58 6
91 22 42
91 36 19
91 100 36
92 23 48
92 60 45
92 94 45
92 96 8
93 59 28
93 82 8
93 84 47
93 100 47
94 15 44
94 49 48
94 54 7
94 58 42
95 15 7
95 20 30
95 77 4
96 37 23
96 69 48
96 74 11
97 46 30
97 74 33
97 90 42
98 34 27
98 40 11
98 57 33
98 58 35
98 83 47
99 95 35
100 48 42
100 71 38
100 86 6
0 36 25 35 23 32 44 36 31 35 71 30 51 62 40 29 20 47 30 35 41 43 30 41 17 38 48 33 56 38 49 52 39 26 40 21 51 42 45 36 59 77 39 46 42 41 32 27 39 17 36 21 20 58 28 35 41 34 52 50 40 38 35 42 48 41 39 40 32 26 34 64 57 20 22 26 34 45 44 27 49 36 83 25 55 25 51 26 31 28 29 25 44 53 38 31 53 38 71 31
36 0 27 25 13 34 35 30 33 41 61 20 52 60 21 31 34 35 14 39 48 39 20 31 19 40 35 27 37 22 45 45 33 22 42 23 15 52 52 25 61 75 35 34 24 17 32 17 29 25 28 35 22 54 30 29 31 24 42 32 30 26 33 27 39 77 29 31 33 28 27 40 53 16 24 16 10 26 43 29 47 26 74 35 57 15 43 40 21 18 31 21 34 47 14 27 47 36 49 21
25 27 0 26 14 25 31 22 34 28 62 21 49 55 21 32 13 36 21 18 21 26 21 27 8 29 39 19 37 31 46 33 25 17 35 24 42 35 25 11 40 63 36 41 40 32 29 18 30 26 27 14 23 50 9 16 32 25 43 39 31 33 25 33 35 66 29 27 20 7 15 48 41 11 3 17 25 26 35 25 35 27 64 18 58 16 34 19 22 19 10 16 35 43 22 20 44 22 46 22
35 25 26 0 12 9 10 28 32 36 60 5 35 56 33 30 21 43 31 33 38 38 19 24 18 39 37 25 31 39 54 23 31 21 32 22 37 34 42 37 60 69 44 41 28 42 37 16 22 24 27 22 21 29 29 36 10 17 27 40 29 33 32 35 14 56 22 6 33 27 29 65 53 15 23 9 35 38 18 19 41 25 73 26 56 14 49 15 20 17 30 20 33 22 39 26 41 35 72 20
23 13 14 12 0 21 22 17 20 28 48 7 40 47 24 18 21 31 19 26 35 26 7 18 6 27 25 14 35 35 50 35 20 9 29 10 28 39 39 25 48 66 40 35 31 30 33 4 16 12 15 22 9 41 17 24 18 11 29 28 17 27 20 25 26 64 16 18 21 15 18 53 41 3 11 3 23 29 30 16 38 13 61 26 44 2 37 27 8 5 18 8 21 34 27 14 36 23 60 8
32 34 25 9 21 0 19 37 41 27 69 14 44 54 24 39 12 39 39 27 46 37 28 33 27 48 45 34 40 30 45 32 35 30 41 31 46 34 50 36 59 78 35 42 37 42 28 25 31 33 36 13 30 38 28 35 19 26 31 42 38 34 27 44 23 65 31 15 39 18 30 56 56 24 22 18 35 29 27 28 50 34 77 17 63 23 44 6 29 26 29 29 42 31 31 35 50 30 66 29
44 35 31 10 22 19 0 26 35 37 68 15 33 46 33 33 31 42 40 37 28 44 29 34 27 48 42 23 41 49 54 33 29 31 30 23 47 24 32 42 65 67 44 51 38 51 47 26 32 27 37 32 24 19 34 38 20 27 37 39 39 43 30 45 4 54 32 4 34 32 27 66 49 25 28 19 44 38 28 17 39 35 80 36 59 24 41 25 30 27 32 30 41 12 40 32 51 33 75 30
36 30 22 28 17 37 26 0 27 17 57 24 33 62 13 17 29 28 28 17 43 24 24 26 23 44 34 3 29 36 41 25 9 26 22 15 35 40 47 31 54 55 49 44 30 31 42 13 33 19 31 30 16 45 25 30 27 20 38 31 34 36 29 31 30 61 28 22 26 23 7 46 33 20 19 20 24 18 46 9 27 22 64 27 51 19 35 35 17 14 12 20 30 38 20 12 53 32 55 25
31 33 34 32 20 41 35 27 0 38 68 27 42 67 34 20 33 44 39 38 55 45 27 38 26 47 44 24 50 51 54 46 30 29 31 12 42 46 59 45 57 68 44 51 33 50 37 24 36 14 35 34 11 54 34 27 38 31 49 41 37 43 40 40 39 72 36 31 23 27 28 67 48 23 31 23 43 39 50 18 40 33 81 38 46 18 42 39 28 25 31 28 41 47 41 33 56 43 76 24
35 41 28 36 28 27 37 17 38 0 68 35 44 57 24 34 15 39 39 16 49 35 35 25 30 51 45 14 40 23 38 36 8 37 33 26 46 37 53 39 62 66 38 45 37 42 31 24 44 30 42 14 27 53 31 38 38 31 49 42 45 37 30 30 41 44 25 33 37 21 18 29 44 31 25 31 35 29 54 20 38 33 75 10 36 30 46 21 28 25 23 31 41 48 31 23 58 33 66 36
71 61 62 60 48 69 68 57 68 68 0 55 75 73 60 66 57 57 67 67 61 53 55 66 54 69 51 54 75 70 88 72 60 57 38 57 72 79 65 56 37 75 79 74 76 69 72 44 64 60 63 58 57 67 64 57 58 51 55 54 43 66 42 69 68 112 64 64 61 63 54 93 66 51 59 51 71 65 69 51 47 35 13 62 92 50 59 63 40 45 59 56 27 60 67 49 84 45 102 56
30 20 21 5 7 14 15 24 27 35 55 0 40 54 31 25 26 38 26 28 42 33 14 19 13 34 32 21 36 42 57 28 27 16 36 17 35 39 46 32 55 73 47 42 33 37 40 11 17 19 22 27 16 34 24 31 15 18 32 35 24 34 27 32 19 61 17 11 28 22 25 60 48 10 18 4 30 36 23 23 45 20 68 31 51 9 44 20 15 12 25 15 28 27 34 21 43 30 67 15
51 52 49 35 40 44 33 33 42 44 75 40 0 72 31 40 49 46 46 44 61 51 47 52 46 67 52 30 47 54 59 52 36 49 37 30 62 50 65 49 77 74 67 70 53 49 65 40 56 34 55 48 31 52 52 45 45 47 62 49 48 62 56 58 37 79 54 29 41 47 34 64 60 43 46 43 42 36 53 24 46 49 88 44 66 38 53 50 44 41 39 47 48 45 38 39 76 59 73 44
62 60 55 56 47 54 46 62 67 57 73 54 72 0 59 48 42 44 66 57 48 58 54 56 53 74 38 59 65 60 75 77 65 56 60 57 70 22 52 61 85 97 65 72 61 56 58 51 63 59 62 43 56 57 58 65 65 58 76 41 30 64 53 68 42 100 54 50 68 48 63 86 62 50 52 50 63 54 74 63 69 60 86 47 91 49 61 48 55 52 59 55 68 50 66 61 83 50 101 55
40 21 21 33 24 24 33 13 34 24 60 31 31 59 0 30 28 15 15 19 35 23 31 21 23 44 21 10 16 23 28 24 16 28 28 22 34 47 39 18 55 54 36 44 35 18 43 20 37 26 30 29 23 44 24 30 34 27 45 18 29 43 26 28 37 68 23 29 33 22 6 33 32 22 18 27 11 5 49 16 26 25 63 29 58 26 22 30 20 21 11 19 33 44 7 11 48 29 42 32
29 31 32 30 18 39 33 17 20 34 66 25 40 48 30 0 31 45 37 34 52 36 25 36 24 45 43 20 46 49 47 42 26 27 29 10 22 26 56 43 37 66 54 47 13 44 47 22 34 12 33 32 9 52 32 25 31 29 47 46 35 42 38 20 37 70 34 29 21 25 24 63 46 21 29 21 37 35 48 16 38 31 61 36 44 16 40 37 26 23 29 26 39 45 37 29 54 41 72 22
20 34 13 21 21 12 31 29 33 15 57 26 49 42 28 31 0 27 28 15 34 25 28 24 15 36 33 26 37 18 33 40 23 24 36 23 49 22 38 24 47 70 23 30 44 37 16 25 37 25 34 1 22 38 16 23 31 32 43 30 38 22 15 40 35 59 26 27 27 6 22 44 48 18 10 24 30 33 39 25 42 22 65 5 51 23 32 6 27 26 17 23 30 33 34 27 51 18 59 29
47 35 36 43 31 39 42 28 44 39 57 38 46 44 15 45 27 0 29 34 50 14 38 36 37 53 6 25 21 37 43 39 31 40 22 37 46 49 54 33 70 59 36 49 37 18 43 35 39 41 45 28 38 37 39 39 42 42 60 3 14 48 24 30 38 83 38 44 43 33 21 48 30 34 33 34 25 10 61 31 31 31 54 32 73 33 37 33 35 36 26 34 33 30 22 26 48 27 57 39
30 14 21 31 19 39 40 28 39 39 67 26 46 66 15 37 28 29 0 33 42 37 26 27 13 34 29 25 31 16 39 39 31 22 43 29 29 50 46 19 55 69 29 40 28 11 36 23 22 31 32 29 28 55 22 15 37 30 48 26 36 32 30 21 44 71 29 36 19 22 21 34 47 16 18 22 4 20 40 31 41 32 77 29 63 21 37 34 27 24 25 21 40 48 8 26 41 30 43 27
35 39 18 33 26 27 37 17 38 16 67 28 44 57 19 34 15 34 33 0 35 30 33 9 20 41 40 14 35 23 38 31 8 29 33 26 41 37 39 29 52 61 38 45 37 37 31 24 37 30 31 14 27 53 21 22 38 31 49 37 35 37 30 30 41 60 11 33 26 19 13 34 39 23 15 24 30 24 47 20 33 32 70 10 52 28 41 21 27 25 8 26 40 48 26 18 56 33 61 34
41 48 21 38 35 46 28 43 55 49 61 42 61 48 35 52 34 50 42 35 0 47 42 26 29 50 45 40 47 52 48 29 43 38 45 43 63 26 4 32 61 68 38 59 61 53 45 39 51 47 48 35 44 30 30 36 48 46 62 48 52 51 30 54 24 82 28 32 32 28 36 68 21 32 24 38 46 40 56 45 40 37 74 39 79 37 13 40 42 40 31 37 34 32 42 41 65 33 67 43
43 39 26 38 26 37 44 24 45 35 53 33 51 58 23 36 25 14 37 30 47 0 33 39 26 47 20 21 35 43 51 35 27 29 32 33 32 47 51 37 60 65 48 54 23 32 41 23 42 37 31 26 34 51 29 36 37 30 48 17 28 46 33 16 48 79 41 40 40 19 17 56 43 23 23 29 33 24 50 27 37 26 40 30 69 28 45 31 21 24 22 20 34 44 30 12 56 36 65 34
30 20 21 19 7 28 29 24 27 35 55 14 47 54 31 25 28 38 26 33 42 33 0 25 13 34 32 21 42 42 57 42 27 16 36 17 35 32 46 32 55 73 47 33 38 37 40 11 23 19 22 29 16 48 24 31 25 18 36 35 24 34 27 32 33 71 23 25 28 22 25 60 34 10 18 10 30 36 37 23 45 20 68 33 51 9 44 34 15 12 25 15 28 41 34 21 43 30 67 15
41 31 27 24 18 33 34 26 38 25 66 19 52 56 21 36 24 36 27 9 26 39 25 0 24 45 34 23 37 32 47 40 17 27 42 28 46 46 30 38 61 70 43 38 46 38 36 22 28 30 22 23 27 53 20 13 34 29 47 37 26 30 28 39 38 69 2 30 17 28 22 43 47 21 24 15 31 26 42 29 42 31 78 19 61 20 36 30 26 23 17 26 39 46 28 27 54 31 63 26
17 19 8 18 6 27 27 23 26 30 54 13 46 53 23 24 15 37 13 20 29 26 13 24 0 21 31 20 39 29 48 35 26 9 35 16 34 37 33 19 42 65 38 41 32 24 31 10 22 18 19 16 15 46 11 18 24 17 35 34 23 33 26 25 31 58 22 23 22 9 17 47 43 3 5 9 17 28 27 22 37 19 66 20 50 8 41 21 14 11 12 8 27 39 21 14 36 29 54 14
38 40 29 39 27 48 48 44 47 51 69 34 67 74 44 45 36 53 34 41 50 47 34 45 21 0 52 41 60 50 61 56 47 30 31 37 55 58 54 40 63 68 51 62 53 45 52 31 43 39 24 37 36 67 32 39 45 38 56 50 44 54 47 46 52 79 43 44 43 30 38 68 59 24 26 30 38 49 48 43 40 40 82 41 71 29 62 42 35 32 33 29 42 60 42 35 57 50 75 35
48 35 39 37 25 45 42 34 44 45 51 32 52 38 21 43 33 6 29 40 45 20 32 34 31 52 0 31 27 37 46 45 37 34 22 35 50 55 49 38 73 59 36 49 43 18 43 29 39 37 40 34 34 37 42 39 43 36 54 3 8 48 24 36 38 89 32 43 43 39 27 54 24 28 36 28 25 16 55 35 31 31 60 38 69 27 41 39 33 30 32 33 33 30 28 32 48 27 63 33
33 27 19 25 14 34 23 3 24 14 54 21 30 59 10 20 26 25 25 14 40 21 21 23 20 41 31 0 26 33 38 22 6 23 19 12 32 37 44 28 53 52 46 41 33 28 39 10 30 16 28 27 13 42 22 27 24 17 35 28 31 33 26 28 27 58 25 19 23 20 4 43 30 17 16 17 21 15 43 6 24 19 61 24 48 16 32 32 14 11 9 17 27 35 17 9 50 29 52 22
56 37 37 31 35 40 41 29 50 40 75 36 47 65 16 46 37 21 31 35 47 35 42 37 39 60 27 26 0 39 44 40 32 44 43 38 48 59 43 34 71 45 52 52 39 34 50 31 51 42 46 36 39 58 40 46 21 28 56 24 35 44 42 44 45 84 39 37 49 38 22 49 48 38 34 38 27 11 49 32 42 40 75 32 74 37 38 43 35 32 27 35 48 51 23 27 64 45 58 43
38 22 31 39 35 30 49 36 51 23 70 42 54 60 23 49 18 37 16 23 52 43 42 32 29 50 37 33 39 0 41 47 31 38 46 39 37 40 56 27 65 77 37 48 36 19 34 39 38 43 48 17 40 56 34 31 49 46 61 34 45 40 33 29 53 67 34 45 35 24 29 42 55 32 28 38 12 28 56 33 49 35 83 13 59 37 45 24 40 40 31 37 43 51 16 34 49 36 51 43
49 45 46 54 50 45 54 41 54 38 88 57 59 75 28 47 33 43 39 38 48 51 57 47 48 61 46 38 44 41 0 52 44 56 55 50 60 55 44 46 80 74 10 31 59 28 17 46 49 54 37 32 51 70 47 40 46 39 71 43 54 23 47 52 58 82 49 57 44 39 34 61 60 50 43 53 35 33 51 44 46 53 91 28 74 52 50 39 48 45 39 47 61 65 35 39 58 50 70 58
52 45 33 23 35 32 33 25 46 36 72 28 52 77 24 42 40 39 39 31 29 35 42 40 35 56 45 22 40 47 52 0 28 40 41 34 46 55 25 42 67 66 59 56 51 42 56 32 45 38 42 41 35 51 36 43 33 39 50 42 52 55 44 50 37 79 42 29 45 34 18 57 44 34 30 32 35 29 41 28 38 37 75 41 70 37 42 38 32 33 23 31 45 45 31 23 64 47 66 43
39 33 25 31 20 35 29 9 30 8 60 27 36 65 16 26 23 31 31 8 43 27 27 17 26 47 37 6 32 31 44 28 0 29 25 18 38 43 47 34 59 58 46 47 29 34 39 16 36 22 34 22 19 48 28 30 30 23 41 34 37 39 32 22 33 52 19 25 29 26 10 37 36 23 22 23 27 21 49 12 30 25 67 18 44 22 38 29 20 17 15 23 33 41 23 15 56 35 58 28
26 22 17 21 9 30 31 26 29 37 57 16 49 56 28 27 24 40 22 29 38 29 16 27 9 30 34 23 44 38 56 40 29 0 38 19 32 46 42 28 51 70 47 44 23 33 40 13 25 21 22 25 18 50 20 27 27 20 38 37 26 36 29 16 35 67 25 27 30 18 22 56 48 6 14 12 26 33 36 25 42 22 69 29 53 11 46 30 17 14 21 11 30 43 30 17 39 27 63 17
40 42 35 32 29 41 30 22 31 33 38 36 37 60 28 29 36 22 43 33 45 32 36 42 35 31 22 19 43 46 55 41 25 38 0 19 51 54 49 40 66 37 45 58 42 34 52 28 45 23 44 37 20 49 26 33 42 35 39 19 30 50 26 47 34 76 44 26 30 30 23 61 28 32 32 32 39 32 50 13 9 19 51 33 55 27 43 42 24 29 28 36 11 42 35 28 64 29 70 33
21 23 24 22 10 31 23 15 12 26 57 17 30 57 22 10 23 37 29 26 43 33 17 28 16 37 35 12 38 39 50 34 18 19 19 0 32 36 47 35 47 56 45 40 23 40 38 14 26 4 25 24 1 42 22 15 28 21 39 38 27 32 30 30 27 62 26 19 11 17 16 55 36 13 21 13 33 27 40 6 28 23 70 26 36 8 30 29 18 15 19 18 30 35 29 21 46 33 64 14
51 15 42 37 28 46 47 35 42 46 72 35 62 70 34 22 49 46 29 41 63 32 35 46 34 55 50 32 48 37 60 46 38 32 51 32 0 48 67 40 59 76 50 43 9 32 47 32 44 34 42 50 31 66 45 44 27 34 57 47 45 41 44 16 51 90 44 43 43 43 28 55 54 31 39 31 25 39 55 38 48 37 72 50 66 30 56 52 32 33 33 31 45 59 29 23 62 47 64 36
42 52 35 34 39 34 24 40 46 37 79 39 50 22 47 26 22 49 50 37 26 47 32 46 37 58 55 37 59 40 55 55 43 46 54 36 48 0 30 46 63 89 45 52 39 59 38 43 55 38 54 23 35 35 38 45 44 50 61 52 52 44 37 46 20 78 48 28 47 28 41 66 47 40 32 42 52 52 52 41 61 44 87 27 70 41 39 28 47 44 39 45 52 28 54 46 73 40 81 47
45 52 25 42 39 50 32 47 59 53 65 46 65 52 39 56 38 54 46 39 4 51 46 30 33 54 49 44 43 56 44 25 47 42 49 47 67 30 0 36 65 72 34 55 65 52 41 43 55 51 52 39 48 26 34 40 52 50 66 52 56 47 34 58 28 86 32 36 36 32 40 72 25 36 28 42 50 44 60 49 44 41 78 43 83 41 17 44 46 44 35 41 38 33 46 45 69 37 71 47
36 25 11 37 25 36 42 31 45 39 56 32 49 61 18 43 24 33 19 29 32 37 32 38 19 40 38 28 34 27 46 42 34 28 40 35 40 46 36 0 51 72 40 46 39 22 40 29 41 37 38 25 34 39 20 27 43 36 54 35 31 38 14 32 40 77 40 38 31 18 24 37 50 22 14 28 15 23 46 34 44 21 58 29 69 27 31 30 26 30 21 27 29 32 11 29 52 11 46 33
59 61 40 60 48 59 65 54 57 62 37 55 77 85 55 37 47 70 55 52 61 60 55 61 42 63 73 53 71 65 80 67 59 51 66 47 59 63 65 51 0 97 70 75 50 66 63 49 64 49 61 48 46 82 43 50 63 56 74 73 65 67 57 57 69 100 63 61 54 41 49 86 75 45 37 51 59 60 69 53 69 50 24 52 81 50 73 53 45 50 44 50 58 75 62 54 78 60 86 56
77 75 63 69 66 78 67 55 68 66 75 73 74 97 54 66 70 59 69 61 68 65 73 70 65 68 59 52 45 77 74 66 58 70 37 56 76 89 72 72 97 0 64 85 79 71 71 62 82 60 72 71 57 86 63 70 64 69 76 56 67 77 63 80 71 110 72 63 67 64 48 87 47 64 60 69 65 56 69 50 28 56 88 70 92 64 76 76 61 63 53 61 48 79 61 53 97 66 96 70
39 35 36 44 40 35 44 49 44 38 79 47 67 65 36 54 23 36 29 38 38 48 47 43 38 51 36 46 52 37 10 59 46 47 45 45 50 45 34 40 70 64 0 21 49 18 7 36 39 48 27 24 45 60 37 30 36 29 61 33 44 13 37 42 48 80 45 48 34 29 42 55 55 41 33 43 25 41 41 48 36 44 87 28 74 42 51 29 40 35 40 38 52 55 29 46 48 40 64 48
46 34 41 41 35 42 51 44 51 45 74 42 70 72 44 47 30 49 40 45 59 54 33 38 41 62 49 41 52 48 31 56 47 44 58 40 43 52 55 46 75 85 21 0 34 39 14 31 51 44 48 31 41 57 32 25 31 24 56 46 52 8 32 41 55 87 40 47 29 36 38 74 64 38 38 38 44 49 46 46 57 39 82 35 76 37 48 36 35 30 43 43 47 50 48 43 69 35 83 43
42 24 40 28 31 37 38 30 33 37 76 33 53 61 35 13 44 37 28 37 61 23 38 46 32 53 43 33 39 36 59 51 29 23 42 23 9 39 65 39 50 79 49 34 0 31 47 32 47 25 45 45 22 57 43 38 18 25 55 40 48 41 48 7 42 81 47 34 34 38 37 54 59 29 37 34 24 40 46 29 51 41 63 47 57 29 53 43 36 31 42 34 49 50 28 32 61 50 63 35
41 17 32 42 30 42 51 31 50 42 69 37 49 56 18 44 37 18 11 37 53 32 37 38 24 45 18 28 34 19 28 42 34 33 34 40 32 59 52 22 66 71 18 39 31 0 25 34 21 42 43 36 39 49 33 26 48 41 59 15 26 31 36 24 50 82 40 47 30 33 24 37 42 27 29 33 7 23 51 34 43 43 72 32 74 32 40 43 38 35 29 32 45 42 11 29 30 33 46 38
32 32 29 37 33 28 47 42 37 31 72 40 65 58 43 47 16 43 36 31 45 41 40 36 31 52 43 39 50 34 17 56 39 40 52 38 47 38 41 40 63 71 7 14 47 25 0 29 46 41 34 17 38 54 30 23 29 22 54 40 50 6 30 49 51 73 38 43 27 22 38 60 62 34 26 36 32 48 44 41 43 37 80 21 67 35 46 22 33 28 33 39 45 48 36 42 55 33 71 41
27 17 18 16 4 25 26 13 24 24 44 11 40 51 20 22 25 35 23 24 39 23 11 22 10 31 29 10 31 39 46 32 16 13 28 14 32 43 43 29 49 62 36 31 32 34 29 0 20 16 19 26 13 41 21 28 14 7 25 32 21 23 16 29 30 68 20 22 25 19 14 53 40 7 15 7 27 25 33 16 34 9 57 30 48 6 33 31 4 1 19 12 17 34 27 13 40 19 62 12
39 29 30 22 16 31 32 33 36 44 64 17 56 63 37 34 37 39 22 37 51 42 23 28 22 43 39 30 51 38 49 45 36 25 45 26 44 55 55 41 64 82 39 51 47 21 46 20 0 28 31 38 25 51 33 37 32 27 45 36 33 43 36 41 36 78 26 28 37 31 34 56 57 19 27 13 26 42 40 32 54 29 77 42 60 18 53 37 24 21 34 24 37 44 30 30 51 39 65 24
17 25 26 24 12 33 27 19 14 30 60 19 34 59 26 12 25 41 31 30 47 37 19 30 18 39 37 16 42 43 54 38 22 21 23 4 34 38 51 37 49 60 48 44 25 42 41 16 28 0 27 26 3 46 26 19 30 23 41 40 29 36 32 32 31 58 28 23 15 19 20 59 40 15 23 15 35 31 42 10 32 25 73 30 38 10 34 31 20 17 23 20 33 39 33 25 48 35 68 16
36 28 27 27 15 36 37 31 35 42 63 22 55 62 30 33 34 45 32 31 48 31 22 22 19 24 40 28 46 48 37 42 34 22 44 25 42 54 52 38 61 72 27 48 45 43 34 19 31 27 0 35 24 56 30 35 33 26 44 43 32 40 35 38 41 77 24 33 36 28 24 63 50 16 24 18 36 35 45 31 44 28 71 39 59 17 52 40 23 20 29 11 36 49 37 19 49 38 72 23
21 35 14 22 22 13 32 30 34 14 58 27 48 43 29 32 1 28 29 14 35 26 29 23 16 37 34 27 36 17 32 41 22 25 37 24 50 23 39 25 48 71 24 31 45 36 17 26 38 26 35 0 23 39 17 24 32 33 44 31 39 23 16 41 36 58 25 28 28 7 23 43 49 19 11 25 29 34 40 24 43 23 66 4 50 24 33 7 28 27 18 24 31 34 33 28 52 19 60 30
20 22 23 21 9 30 24 16 11 27 57 16 31 56 23 9 22 38 28 27 44 34 16 27 15 36 34 13 39 40 51 35 19 18 20 1 31 35 48 34 46 57 45 41 22 39 38 13 25 3 24 23 0 43 23 16 27 20 38 37 26 33 29 29 28 61 25 20 12 16 17 56 37 12 20 12 32 28 39 7 29 22 70 27 35 7 31 28 17 14 20 17 30 36 30 22 45 32 65 13
58 54 50 29 41 38 19 45 54 53 67 34 52 57 44 52 38 37 55 53 30 51 48 53 46 67 37 42 58 56 70 51 48 50 49 42 66 35 26 39 82 86 60 57 57 49 54 41 51 46 56 39 43 0 47 40 39 46 56 34 45 49 25 64 15 73 51 23 44 44 46 76 51 44 47 38 54 47 47 36 58 32 75 43 78 43 42 32 37 42 51 49 40 7 50 46 70 28 85 49
28 30 9 29 17 28 34 25 34 31 64 24 52 58 24 32 16 39 22 21 30 29 24 20 11 32 42 22 40 34 47 36 28 20 26 22 45 38 34 20 43 63 37 32 43 33 30 21 33 26 30 17 23 47 0 7 35 28 46 42 34 24 22 36 38 69 22 30 11 10 18 55 44 14 6 20 26 29 38 28 35 29 67 21 58 19 30 22 25 22 13 19 37 40 30 23 47 25 55 25
35 29 16 36 24 35 38 30 27 38 57 31 45 65 30 25 23 39 15 22 36 36 31 13 18 39 39 27 46 31 40 43 30 27 33 15 44 45 40 27 50 70 30 25 38 26 23 28 37 19 35 24 16 40 7 0 40 33 53 36 38 17 15 36 41 76 15 34 4 17 25 49 51 21 13 27 19 35 45 21 42 22 65 28 51 23 23 29 27 29 20 26 30 33 23 30 54 18 58 29
41 31 32 10 18 19 20 27 38 38 58 15 45 65 34 31 31 42 37 38 48 37 25 34 24 45 43 24 21 49 46 33 30 27 42 28 27 44 52 43 63 64 36 31 18 48 29 14 32 30 33 32 27 39 35 40 0 7 37 45 35 23 30 25 24 66 32 16 39 33 28 67 54 21 29 19 41 32 28 29 36 23 71 36 62 20 47 25 18 13 33 26 31 32 41 27 51 33 76 26
34 24 25 17 11 26 27 20 31 31 51 18 47 58 27 29 32 42 30 31 46 30 18 29 17 38 36 17 28 46 39 39 23 20 35 21 34 50 50 36 56 69 29 24 25 41 22 7 27 23 26 33 20 46 28 33 7 0 32 39 28 16 23 32 31 73 27 23 32 26 21 60 47 14 22 14 34 32 35 23 41 16 64 37 55 13 40 32 11 6 26 19 24 39 34 20 47 26 69 19
52 42 43 27 29 31 37 38 49 49 55 32 62 76 45 47 43 60 48 49 62 48 36 47 35 56 54 35 56 61 71 50 41 38 39 39 57 61 66 54 74 76 61 56 55 59 54 25 45 41 44 44 38 56 46 53 37 32 0 57 46 48 41 54 41 83 45 33 50 44 39 78 65 32 40 32 52 50 45 41 48 34 68 48 73 31 58 37 29 26 44 37 28 49 52 38 65 44 87 37
50 32 39 40 28 42 39 31 41 42 54 35 49 41 18 46 30 3 26 37 48 17 35 37 34 50 3 28 24 34 43 42 34 37 19 38 47 52 52 35 73 56 33 46 40 15 40 32 36 40 43 31 37 34 42 36 45 39 57 0 11 45 21 33 35 86 35 43 40 36 24 51 27 31 36 31 22 13 58 32 28 28 57 35 72 30 38 36 33 33 29 36 30 27 25 29 45 24 60 36
40 30 31 29 17 38 39 34 37 45 43 24 48 30 29 35 38 14 36 35 52 28 24 26 23 44 8 31 35 45 54 52 37 26 30 27 45 52 56 31 65 67 44 52 48 26 50 21 33 29 32 39 26 45 34 38 35 28 46 11 0 44 23 42 43 81 24 35 38 32 35 62 32 20 28 20 33 24 47 33 39 30 56 43 61 19 40 44 25 22 35 25 38 38 36 31 53 20 71 25
38 26 33 33 27 34 43 36 43 37 66 34 62 64 43 42 22 48 32 37 51 46 34 30 33 54 48 33 44 40 23 55 39 36 50 32 41 44 47 38 67 77 13 8 41 31 6 23 43 36 40 23 33 49 24 17 23 16 48 45 44 0 24 48 47 79 32 39 21 28 37 66 63 30 30 30 36 48 38 38 49 31 74 27 68 29 40 28 27 22 37 35 39 42 40 36 61 27 75 35
35 33 25 32 20 27 30 29 40 30 42 27 56 53 26 38 15 24 30 30 30 33 27 28 26 47 24 26 42 33 47 44 32 29 26 30 44 37 34 14 57 63 37 32 48 36 30 16 36 32 35 16 29 25 22 15 30 23 41 21 23 24 0 45 26 74 30 34 19 21 26 51 48 23 25 23 29 31 41 32 35 7 50 20 64 22 17 21 12 17 31 28 15 18 25 21 56 3 60 28
42 27 33 35 25 44 45 31 40 30 69 32 58 68 28 20 40 30 21 30 54 16 32 39 25 46 36 28 44 29 52 50 22 16 47 30 16 46 58 32 57 80 42 41 7 24 49 29 41 32 38 41 29 64 36 36 25 32 54 33 42 48 45 0 49 74 41 41 40 34 32 47 58 22 30 28 17 33 52 34 52 38 56 40 64 27 50 46 33 30 37 27 46 57 21 28 54 43 56 33
48 39 35 14 26 23 4 30 39 41 68 19 37 42 37 37 35 38 44 41 24 48 33 38 31 52 38 27 45 53 58 37 33 35 34 27 51 20 28 40 69 71 48 55 42 50 51 30 36 31 41 36 28 15 38 41 24 31 41 35 43 47 26 49 0 58 36 8 38 36 31 66 45 29 32 23 44 42 32 21 43 33 76 40 63 28 37 29 34 31 36 34 41 8 40 36 55 29 75 34
41 77 66 56 64 65 54 61 72 44 112 61 79 100 68 70 59 83 71 60 82 79 71 69 58 79 89 58 84 67 82 79 52 67 76 62 90 78 86 77 100 110 80 87 81 82 73 68 78 58 77 58 61 73 69 76 66 73 83 86 81 79 74 74 58 0 69 50 73 65 62 73 88 61 63 65 75 73 74 63 82 77 119 54 80 66 90 65 72 69 67 66 85 66 75 67 94 77 110 72
39 29 29 22 16 31 32 28 36 25 64 17 54 54 23 34 26 38 29 11 28 41 23 2 22 43 32 25 39 34 49 42 19 25 44 26 44 48 32 40 63 72 45 40 47 40 38 20 26 28 24 25 25 51 22 15 32 27 45 35 24 32 30 41 36 69 0 28 19 30 24 45 49 19 26 13 33 28 40 31 44 29 77 21 60 18 38 32 24 21 19 24 37 44 30 29 52 33 65 24
40 31 27 6 18 15 4 22 31 33 64 11 29 50 29 29 27 44 36 33 32 40 25 30 23 44 43 19 37 45 57 29 25 27 26 19 43 28 36 38 61 63 48 47 34 47 43 22 28 23 33 28 20 23 30 34 16 23 33 43 35 39 34 41 8 50 28 0 30 28 23 62 49 21 24 15 40 34 24 13 35 31 77 32 55 20 45 21 26 23 28 26 37 16 36 28 47 37 71 26
32 33 20 33 21 39 34 26 23 37 61 28 41 68 33 21 27 43 19 26 32 40 28 17 22 43 43 23 49 35 44 45 29 30 30 11 43 47 36 31 54 67 34 29 34 30 27 25 37 15 36 28 12 44 11 4 39 32 50 40 38 21 19 40 38 73 19 30 0 21 27 53 47 24 17 24 23 38 49 17 39 26 69 32 47 19 19 33 29 26 24 25 34 37 27 32 57 22 62 25
26 28 7 27 15 18 32 23 27 21 63 22 47 48 22 25 6 33 22 19 28 19 22 28 9 30 39 20 38 24 39 34 26 18 30 17 43 28 32 18 41 64 29 36 38 33 22 19 31 19 28 7 16 44 10 17 33 26 44 36 32 28 21 34 36 65 30 28 21 0 16 50 42 12 4 18 26 27 36 23 36 28 59 11 51 17 38 12 23 20 11 17 36 39 29 21 45 24 53 23
34 27 15 29 18 30 27 7 28 18 54 25 34 63 6 24 22 21 21 13 36 17 25 22 17 38 27 4 22 29 34 18 10 22 23 16 28 41 40 24 49 48 42 38 37 24 38 14 34 20 24 23 17 46 18 25 28 21 39 24 35 37 26 32 31 62 24 23 27 16 0 39 26 16 12 21 17 11 43 10 20 19 57 23 52 20 28 28 14 15 5 13 27 39 13 5 49 29 48 26
64 40 48 65 53 56 66 46 67 29 93 60 64 86 33 63 44 48 34 34 68 56 60 43 47 68 54 43 49 42 61 57 37 56 61 55 55 66 72 37 86 87 55 74 54 37 60 53 56 59 63 43 56 76 55 49 67 60 78 51 62 66 51 47 66 73 45 62 53 50 39 0 65 50 49 56 30 38 74 49 59 58 95 39 65 55 55 50 53 54 42 52 66 69 26 44 29 48 61 61
57 53 41 53 41 56 49 33 48 44 66 48 60 62 32 46 48 30 47 39 21 43 34 47 43 59 24 30 48 55 60 44 36 48 28 36 54 47 25 50 75 47 55 64 59 42 62 40 57 40 50 49 37 51 44 51 54 47 65 27 32 63 48 58 45 88 49 49 47 42 26 65 0 42 38 44 43 37 60 36 19 45 79 49 72 43 34 54 40 41 31 39 39 53 39 31 72 51 74 49
20 16 11 15 3 24 25 20 23 31 51 10 43 50 22 21 18 34 16 23 32 23 10 21 3 24 28 17 38 32 50 34 23 6 32 13 31 40 36 22 45 64 41 38 29 27 34 7 19 15 16 19 12 44 14 21 21 14 32 31 20 30 23 22 29 61 19 21 24 12 16 50 42 0 8 6 20 27 30 19 36 16 63 23 47 5 40 24 11 8 15 5 24 37 24 11 33 26 57 11
22 24 3 23 11 22 28 19 31 25 59 18 46 52 18 29 10 33 18 15 24 23 18 24 5 26 36 16 34 28 43 30 22 14 32 21 39 32 28 14 37 60 33 38 37 29 26 15 27 23 24 11 20 47 6 13 29 22 40 36 28 30 25 30 32 63 26 24 17 4 12 49 38 8 0 14 22 23 32 22 32 24 61 15 55 13 36 16 19 16 7 13 32 40 25 17 41 25 49 19
26 16 17 9 3 18 19 20 23 31 51 4 43 50 27 21 24 34 22 24 38 29 10 15 9 30 28 17 38 38 53 32 23 12 32 13 31 42 42 28 51 69 43 38 34 33 36 7 13 15 18 25 12 38 20 27 19 14 32 31 20 30 23 28 23 65 13 15 24 18 21 56 44 6 14 0 26 32 27 19 41 16 64 29 47 5 40 24 11 8 21 11 24 31 30 17 39 26 63 11
34 10 25 35 23 35 44 24 43 35 71 30 42 63 11 37 30 25 4 30 46 33 30 31 17 38 25 21 27 12 35 35 27 26 39 33 25 52 50 15 59 65 25 44 24 7 32 27 26 35 36 29 32 54 26 19 41 34 52 22 33 36 29 17 44 75 33 40 23 26 17 30 43 20 22 26 0 16 44 27 37 36 73 25 67 25 33 36 31 28 22 25 44 47 4 22 37 26 39 31
45 26 26 38 29 29 38 18 39 29 65 36 36 54 5 35 33 10 20 24 40 24 36 26 28 49 16 15 11 28 33 29 21 33 32 27 39 52 44 23 60 56 41 49 40 23 48 25 42 31 35 34 28 47 29 35 32 32 50 13 24 48 31 33 42 73 28 34 38 27 11 38 37 27 23 32 16 0 54 21 31 30 64 34 63 31 27 35 25 26 16 24 38 40 12 16 53 34 47 37
44 43 35 18 30 27 28 46 50 54 69 23 53 74 49 48 39 61 40 47 56 50 37 42 27 48 55 43 49 56 51 41 49 36 50 40 55 52 60 46 69 69 41 46 46 51 44 33 40 42 45 40 39 47 38 45 28 35 45 58 47 38 41 52 32 74 40 24 49 36 43 74 60 30 32 27 44 54 0 37 41 34 82 44 74 32 58 33 29 34 39 35 42 40 48 38 59 44 81 38
27 29 25 19 16 28 17 9 18 20 51 23 24 63 16 16 25 31 31 20 45 27 23 29 22 43 35 6 32 33 44 28 12 25 13 6 38 41 49 34 53 50 48 46 29 34 41 16 32 10 31 24 7 36 28 21 29 23 41 32 33 38 32 34 21 63 31 13 17 23 10 49 36 19 22 19 27 21 37 0 22 25 64 20 42 14 36 31 20 17 15 23 24 29 23 15 52 35 58 20
49 47 35 41 38 50 39 27 40 38 47 45 46 69 26 38 42 31 41 33 40 37 45 42 37 40 31 24 42 49 46 38 30 42 9 28 48 61 44 44 69 28 36 57 51 43 43 34 54 32 44 43 29 58 35 42 36 41 48 28 39 49 35 52 43 82 44 35 39 36 20 59 19 36 32 41 37 31 41 22 0 28 60 42 64 36 48 48 33 35 25 33 20 51 33 25 69 38 68 42
36 26 27 25 13 34 35 22 33 33 35 20 49 60 25 31 22 31 32 32 37 26 20 31 19 40 31 19 40 35 53 37 25 22 19 23 37 44 41 21 50 56 44 39 41 43 37 9 29 25 28 23 22 32 29 22 23 16 34 28 30 31 7 38 33 77 29 31 26 28 19 58 45 16 24 16 36 30 34 25 28 0 48 27 57 15 24 28 5 10 24 21 8 25 32 14 49 10 67 21
83 74 64 73 61 77 80 64 81 75 13 68 88 86 63 61 65 54 77 70 74 40 68 78 66 82 60 61 75 83 91 75 67 69 51 70 72 87 78 58 24 88 87 82 63 72 80 57 77 73 71 66 70 75 67 65 71 64 68 57 56 74 50 56 76 119 77 77 69 59 57 95 79 63 61 64 73 64 82 64 60 48 0 70 105 63 67 71 53 58 62 60 40 68 69 52 96 47 104 69
25 35 18 26 26 17 36 27 38 10 62 31 44 47 29 36 5 32 29 10 39 30 33 19 20 41 38 24 32 13 28 41 18 29 33 26 50 27 43 29 52 70 28 35 47 32 21 30 42 30 39 4 27 43 21 28 36 37 48 35 43 27 20 40 40 54 21 32 32 11 23 39 49 23 15 29 25 34 44 20 42 27 70 0 46 28 37 11 32 31 18 28 35 38 29 28 56 23 64 34
55 57 58 56 44 63 59 51 46 36 92 51 66 91 58 44 51 73 63 52 79 69 51 61 50 71 69 48 74 59 74 70 44 53 55 36 66 70 83 69 81 92 74 76 57 74 67 48 60 38 59 50 35 78 58 51 62 55 73 72 61 68 64 64 63 80 60 55 47 51 52 65 72 47 55 47 67 63 74 42 64 57 105 46 0 42 66 57 52 49 55 52 65 71 65 57 80 67 100 48
25 15 16 14 2 23 24 19 18 30 50 9 38 49 26 16 23 33 21 28 37 28 9 20 8 29 27 16 37 37 52 37 22 11 27 8 30 41 41 27 50 64 42 37 29 32 35 6 18 10 17 24 7 43 19 23 20 13 31 30 19 29 22 27 28 66 18 20 19 17 20 55 43 5 13 5 25 31 32 14 36 15 63 28 42 0 38 29 10 7 20 10 23 36 29 16 38 25 62 6
51 43 34 49 37 44 41 35 42 46 59 44 53 61 22 40 32 37 37 41 13 45 44 36 41 62 41 32 38 45 50 42 38 46 43 30 56 39 17 31 73 76 51 48 53 40 46 33 53 34 52 33 31 42 30 23 47 40 58 38 40 40 17 50 37 90 38 45 19 38 28 55 34 40 36 40 33 27 58 36 48 24 67 37 66 38 0 38 29 34 33 41 32 35 29 33 70 20 64 44
26 40 19 15 27 6 25 35 39 21 63 20 50 48 30 37 6 33 34 21 40 31 34 30 21 42 39 32 43 24 39 38 29 30 42 29 52 28 44 30 53 76 29 36 43 43 22 31 37 31 40 7 28 32 22 29 25 32 37 36 44 28 21 46 29 65 32 21 33 12 28 50 54 24 16 24 36 35 33 31 48 28 71 11 57 29 38 0 33 32 23 29 36 37 37 33 56 24 65 35
31 21 22 20 8 29 30 17 28 28 40 15 44 55 20 26 27 35 27 27 42 21 15 26 14 35 33 14 35 40 48 32 20 17 24 18 32 47 46 26 45 61 40 35 36 38 33 4 24 20 23 28 17 37 25 27 18 11 29 33 25 27 12 33 34 72 24 26 29 23 14 53 40 11 19 11 31 25 29 20 33 5 53 32 52 10 29 33 0 5 19 16 13 30 27 9 44 15 62 16
28 18 19 17 5 26 27 14 25 25 45 12 41 52 21 23 26 36 24 25 40 24 12 23 11 32 30 11 32 40 45 33 17 14 29 15 33 44 44 30 50 63 35 30 31 35 28 1 21 17 20 27 14 42 22 29 13 6 26 33 22 22 17 30 31 69 21 23 26 20 15 54 41 8 16 8 28 26 34 17 35 10 58 31 49 7 34 32 5 0 20 13 18 35 28 14 41 20 63 13
29 31 10 30 18 29 32 12 31 23 59 25 39 59 11 29 17 26 25 8 31 22 25 17 12 33 32 9 27 31 39 23 15 21 28 19 33 39 35 21 44 53 40 43 42 29 33 19 34 23 29 18 20 51 13 20 33 26 44 29 35 37 31 37 36 67 19 28 24 11 5 42 31 15 7 21 22 16 39 15 25 24 62 18 55 20 33 23 19 20 0 18 32 44 18 10 48 32 53 26
25 21 16 20 8 29 30 20 28 31 56 15 47 55 19 26 23 34 21 26 37 20 15 26 8 29 33 17 35 37 47 31 23 11 36 18 31 45 41 27 50 61 38 43 34 32 39 12 24 20 11 24 17 49 19 26 26 19 37 36 25 35 28 27 34 66 24 26 25 17 13 52 39 5 13 11 25 24 35 23 33 21 60 28 52 10 41 29 16 13 18 0 29 42 26 8 38 31 61 16
44 34 35 33 21 42 41 30 41 41 27 28 48 68 33 39 30 33 40 40 34 34 28 39 27 42 33 27 48 43 61 45 33 30 11 30 45 52 38 29 58 48 52 47 49 45 45 17 37 33 36 31 30 40 37 30 31 24 28 30 38 39 15 46 41 85 37 37 34 36 27 66 39 24 32 24 44 38 42 24 20 8 40 35 65 23 32 36 13 18 32 29 0 33 40 22 57 18 75 29
53 47 43 22 34 31 12 38 47 48 60 27 45 50 44 45 33 30 48 48 32 44 41 46 39 60 30 35 51 51 65 45 41 43 42 35 59 28 33 32 75 79 55 50 50 42 48 34 44 39 49 34 36 7 40 33 32 39 49 27 38 42 18 57 8 66 44 16 37 39 39 69 53 37 40 31 47 40 40 29 51 25 68 38 71 36 35 37 30 35 44 42 33 0 43 39 63 21 78 42
38 14 22 39 27 31 40 20 41 31 67 34 38 66 7 37 34 22 8 26 42 30 34 28 21 42 28 17 23 16 35 31 23 30 35 29 29 54 46 11 62 61 29 48 28 11 36 27 30 33 37 33 30 50 30 23 41 34 52 25 36 40 25 21 40 75 30 36 27 29 13 26 39 24 25 30 4 12 48 23 33 32 69 29 65 29 29 37 27 28 18 26 40 43 0 18 41 22 35 35
31 27 20 26 14 35 32 12 33 23 49 21 39 61 11 29 27 26 26 18 41 12 21 27 14 35 32 9 27 34 39 23 15 17 28 21 23 46 45 29 54 53 46 43 32 29 42 13 30 25 19 28 22 46 23 30 27 20 38 29 31 36 21 28 36 67 29 28 32 21 5 44 31 11 17 17 22 16 38 15 25 14 52 28 57 16 33 33 9 14 10 8 22 39 18 0 44 24 53 22
53 47 44 41 36 50 51 53 56 58 84 43 76 83 48 54 51 48 41 56 65 56 43 54 36 57 48 50 64 49 58 64 56 39 64 46 62 73 69 52 78 97 48 69 61 30 55 40 51 48 49 52 45 70 47 54 51 47 65 45 53 61 56 54 55 94 52 47 57 45 49 29 72 33 41 39 37 53 59 52 69 49 96 56 80 38 70 56 44 41 48 38 57 63 41 44 0 59 76 44
38 36 22 35 23 30 33 32 43 33 45 30 59 50 29 41 18 27 30 33 33 36 30 31 29 50 27 29 45 36 50 47 35 27 29 33 47 40 37 11 60 66 40 35 50 33 33 19 39 35 38 19 32 28 25 18 33 26 44 24 20 27 3 43 29 77 33 37 22 24 29 48 51 26 25 26 26 34 44 35 38 10 47 23 67 25 20 24 15 20 32 31 18 21 22 24 59 0 57 31
71 49 46 72 60 66 75 55 76 66 102 67 73 101 42 72 59 57 43 61 67 65 67 63 54 75 63 52 58 51 70 66 58 63 70 64 64 81 71 46 86 96 64 83 63 46 71 62 65 68 72 60 65 85 55 58 76 69 87 60 71 75 60 56 75 110 65 71 62 53 48 61 74 57 49 63 39 47 81 58 68 67 104 64 100 62 64 65 62 63 53 61 75 78 35 53 76 57 0 68
31 21 22 20 8 29 30 25 24 36 56 15 44 55 32 22 29 39 27 34 43 34 15 26 14 35 33 22 43 43 58 43 28 17 33 14 36 47 47 33 56 70 48 43 35 38 41 12 24 16 23 30 13 49 25 29 26 19 37 36 25 35 28 33 34 72 24 26 25 23 26 61 49 11 19 11 31 37 38 20 42 21 69 34 48 6 44 35 16 13 26 16 29 42 35 22 44 31 68 0
